1.0 0.0 0.0 1.0
1.000000714882852 -0.000113548085156 -0.000113548085156 1.018035357261436
1.000005718836136 -0.000454156335634 -0.000454156335634 1.036066425452441
1.000019299796927 -0.001021716745019 -0.001021716745019 1.054088916635939
1.000045743435832 -0.001816049331163 -0.001816049331163 1.072098545141323
1.000089332024393 -0.002836902178988 -0.002836902178988 1.090091028697050
1.000154343303235 -0.004083951500395 -0.004083951500395 1.108062089562496
1.000245049351223 -0.005556801711278 -0.005556801711278 1.126007455658797
1.000365715455875 -0.007254985525612 -0.007254985525612 1.143922861698434
1.000520598985283 -0.009177964066601 -0.009177964066601 1.161804050313314
1.000713948261795 -0.011325126994865 -0.011325126994865 1.179646773181090
1.000950001437701 -0.013695792653637 -0.013695792653637 1.197446792149474
1.001232985373175 -0.016289208230935 -0.016289208230935 1.215199880358288
1.001567114516734 -0.019104549938684 -0.019104549938684 1.232901823359018
1.001956589788441 -0.022140923208736 -0.022140923208736 1.250548420231599
1.002405597466122 -0.025397362905770 -0.025397362905770 1.268135484698207
1.002918308074827 -0.028872833556992 -0.028872833556992 1.285658846233791
1.003498875279794 -0.032566229598628 -0.032566229598628 1.303114351173111
1.004151434783160 -0.036476375639119 -0.036476375639119 1.320497863814034
1.004880103224653 -0.040602026738990 -0.040602026738990 1.337805267516830
1.005688977086530 -0.044941868707320 -0.044941868707320 1.355032465799242
1.006582131602985 -0.049494518414754 -0.049494518414754 1.372175383427075
1.007563619674287 -0.054258524122993 -0.054258524122993 1.389229967500062
1.008637470785869 -0.059232365830684 -0.059232365830684 1.406192188532768
1.009807689932637 -0.064414455635654 -0.064414455635654 1.423058041530289
1.011078256548706 -0.069803138113384 -0.069803138113384 1.439823547058508
1.012453123442836 -0.075396690711675 -0.075396690711675 1.456484752308667
1.013936215739770 -0.081193324161399 -0.081193324161399 1.473037732156021
1.015531429827749 -0.087191182903252 -0.087191182903252 1.489478590212331
1.017242632312398 -0.093388345530430 -0.093388345530430 1.505803459871971
1.019073658977251 -0.099782825247121 -0.099782825247121 1.522008505351406
1.021028313751135 -0.106372570342725 -0.106372570342725 1.538089922721811
1.023110367682627 -0.113155464681695 -0.113155464681695 1.554043940934608
1.025323557921851 -0.120129328208900 -0.120129328208900 1.569866822839672
1.027671586709805 -0.127291917470400 -0.127291917470400 1.585554866196006
1.030158120375468 -0.134640926149524 -0.134640926149524 1.601104404674632
1.032786788340904 -0.142173985618140 -0.142173985618140 1.616511808853485
1.035561182134587 -0.149888665502993 -0.149888665502993 1.631773487204090
1.038484854413171 -0.157782474266998 -0.157782474266998 1.646885887069795
1.041561317991915 -0.165852859805363 -0.165852859805363 1.661845495635339
1.044794044884004 -0.174097210056410 -0.174097210056410 1.676648840887539
1.048186465348948 -0.182512853626977 -0.182512853626977 1.691292492566883
1.051741966950312 -0.191097060432252 -0.191097060432252 1.705773063109809
1.055463893622953 -0.199847042349921 -0.199847042349921 1.720087208581456
1.059355544750007 -0.208759953888469 -0.208759953888469 1.734231629598690
1.063420174249810 -0.217832892869524 -0.217832892869524 1.748203072243176
1.067660989672971 -0.227062901124060 -0.227062901124060 1.761998328964304
1.072081151309799 -0.236446965202345 -0.236446965202345 1.775614239471764
1.076683771308295 -0.245982017097467 -0.245982017097467 1.789047691617557
1.081471912802888 -0.255664934982285 -0.255664934982285 1.802295622267253
1.086448589054136 -0.265492543959650 -0.265492543959650 1.815355018160292
1.091616762599578 -0.275461616825742 -0.275461616825742 1.828222916759139
1.096979344415923 -0.285568874846350 -0.285568874846350 1.840896407087083
1.102539193092783 -0.295810988545939 -0.295810988545939 1.853372630554511
1.108299114018128 -0.306184578509332 -0.306184578509332 1.865648781773455
1.114261858575651 -0.316686216195842 -0.316686216195842 1.877722109360221
1.120430123354226 -0.327312424765666 -0.327312424765666 1.889589916725935
1.126806549369651 -0.338059679918388 -0.338059679918388 1.901249562854798
1.133393721298837 -0.348924410743392 -0.348924410743392 1.912698463069900
1.140194166726635 -0.359903000582011 -0.359903000582011 1.923934089786391
1.147210355405465 -0.370991787901237 -0.370991787901237 1.934953973251850
1.154444698527926 -0.382187067178790 -0.382187067178790 1.945755702273677
1.161899548012550 -0.393485089799372 -0.393485089799372 1.956336924933342
1.169577195802866 -0.404882064961903 -0.404882064961903 1.966695349287315
1.177479873179941 -0.416374160597555 -0.416374160597555 1.976828744054528
1.185609750088555 -0.427957504298382 -0.427957504298382 1.986734939290203
1.193968934477169 -0.439628184256353 -0.439628184256353 1.996411827045877
1.202559471651842 -0.451382250212581 -0.451382250212581 2.005857362015494
1.211383343644241 -0.463215714416552 -0.463215714416552 2.015069562167382
1.220442468593910 -0.475124552595145 -0.475124552595145 2.024046509362001
1.229738700144923 -0.487104704931234 -0.487104704931235 2.032786349955278
1.239273826857079 -0.499152077051677 -0.499152077051677 2.041287295387410
1.249049571631776 -0.511262541024453 -0.511262541024453 2.049547622757001
1.259067591152698 -0.523431936364766 -0.523431936364766 2.057565675380368
1.269329475341447 -0.535656071049875 -0.535656071049875 2.065339863335907
1.279836746828264 -0.547930722542452 -0.547930722542452 2.072868663993380
1.290590860437945 -0.560251638822225 -0.560251638822225 2.080150622527987
1.301593202691101 -0.572614539425723 -0.572614539425723 2.087184352419119
1.312845091320867 -0.585015116493852 -0.585015116493852 2.093968535933643
1.324347774805178 -0.597449035827121 -0.597449035827121 2.100501924593620
1.336102431914743 -0.609911937948264 -0.609911937948264 2.106783339628343
1.348110171276809 -0.622399439172044 -0.622399439172044 2.112811672410565
1.360372030954841 -0.634907132682000 -0.634907132682000 2.118585884876822
1.372888978044206 -0.647430589613914 -0.647430589613914 2.124105009931746
1.385661908283981 -0.659965360145762 -0.659965360145762 2.129368151836260
1.398691645684973 -0.672506974593907 -0.672506974593906 2.134374486579556
1.411978942174046 -0.685050944515318 -0.685050944515318 2.139123262234772
1.425524477254854 -0.697592763815556 -0.697592763815556 2.143613799298253
1.439328857685060 -0.710127909862297 -0.710127909862298 2.147845491012335
1.453392617170135 -0.722651844604164 -0.722651844604164 2.151817803671548
1.467716216073815 -0.735160015694598 -0.735160015694598 2.155530276912156
1.482300041145288 -0.747647857620566 -0.747647857620566 2.158982523984973
1.497144405263196 -0.760110792835818 -0.760110792835818 2.162174232011354
1.512249547196524 -0.772544232898488 -0.772544232898488 2.165105162222313
1.527615631382431 -0.784943579612765 -0.784943579612765 2.167775150180695
1.543242747721100 -0.797304226174404 -0.797304226174404 2.170184105986315
1.559130911387666 -0.809621558319821 -0.809621558319821 2.172332014464038
1.575280062661270 -0.821890955478528 -0.821890955478529 2.174218935334721
1.591690066771311 -0.834107791928656 -0.834107791928656 2.175845003368970
1.608360713760921 -0.846267437955311 -0.846267437955311 2.177210428523649
1.625291718367738 -0.858365261011530 -0.858365261011530 2.178315496061119
1.642482719921998 -0.870396626881558 -0.870396626881558 2.179160566651148
1.659933282261993 -0.882356900846221 -0.882356900846221 2.179746076455442
1.677642893666935 -0.894241448850118 -0.894241448850118 2.180072537194789
1.695610966807252 -0.906045638670397 -0.906045638670397 2.180140536198761
1.713836838712350 -0.917764841086853 -0.917764841086853 2.179950736437950
1.732319770755861 -0.929394431053087 -0.929394431053087 2.179503876538728
1.751058948658399 -0.940929788868488 -0.940929788868488 2.178800770780478
1.770053482507848 -0.952366301350764 -0.952366301350764 2.177842309075318
1.789302406797184 -0.963699363008779 -0.963699363008779 2.176629456930272
1.808804680479859 -0.974924377215435 -0.974924377215435 2.175163255391885
1.828559187042732 -0.986036757380343 -0.986036757380343 2.173444820973301
1.848564734596570 -0.997031928122028 -0.997031928122028 2.171475345563751
1.868820055984106 -1.007905326439412 -1.007905326439412 2.169256096320503
1.889323808905655 -1.018652402882313 -1.018652402882313 2.166788415543243
1.910074576062272 -1.029268622720718 -1.029268622720718 2.164073720530915
1.931070865316460 -1.039749467112550 -1.039749467112550 2.161113503421015
1.952311109870387 -1.050090434269697 -1.050090434269697 2.157909331011376
1.973793668461612 -1.060287040622036 -1.060287040622035 2.154462844564440
1.995516825576289 -1.070334821979185 -1.070334821979185 2.150775759594052
2.017478791679821 -1.080229334689754 -1.080229334689755 2.146849865634808
2.039677703464949 -1.089966156797816 -1.089966156797816 2.142687025993969
2.062111624117214 -1.099540889196348 -1.099540889196348 2.138289177485993
2.084778543597784 -1.108949156777397 -1.108949156777397 2.133658330149711
2.107676378943592 -1.118186609578710 -1.118186609578710 2.128796566948192
2.130802974584730 -1.127248923926572 -1.127248923926573 2.123706043451342
2.154156102679076 -1.136131803574603 -1.136131803574603 2.118388987501285
2.177733463464074 -1.144830980838259 -1.144830980838259 2.112847698860576
2.201532685625636 -1.153342217724791 -1.153342217724791 2.107084548843301
2.225551326684092 -1.161661307058401 -1.161661307058401 2.101101979929135
2.249786873397121 -1.169784073600355 -1.169784073600355 2.094902505360394
2.274236742179623 -1.177706375163799 -1.177706375163800 2.088488708722181
2.298898279540423 -1.185424103723024 -1.185424103723024 2.081863243505669
2.323768762535771 -1.192933186516943 -1.192933186516943 2.075028832654610
2.348845399239532 -1.200229587146527 -1.200229587146527 2.067988268095137
2.374125329230007 -1.207309306665955 -1.207309306665955 2.060744410248952
2.399605624093283 -1.214168384667237 -1.214168384667237 2.053300187529964
2.425283287943039 -1.220802900358055 -1.220802900358055 2.045658595824496
2.451155257956708 -1.227208973632601 -1.227208973632601 2.037822697955115
2.477218404927902 -1.233382766135148 -1.233382766135148 2.029795623128210
2.503469533835001 -1.239320482316130 -1.239320482316129 2.021580566365400
2.529905384425810 -1.245018370480483 -1.245018370480483 2.013180787918879
2.556522631818174 -1.250472723828024 -1.250472723828024 2.004599612670804
2.583317887116437 -1.255679881485609 -1.255679881485608 1.995840429516830
2.610287698043647 -1.260636229530858 -1.260636229530858 1.986906690733908
2.637428549589387 -1.265338202007209 -1.265338202007209 1.977801911332457
2.664736864673090 -1.269782281930056 -1.269782281930056 1.968529668393042
2.692209004822769 -1.273965002283765 -1.273965002283766 1.959093600387652
2.719841270868973 -1.277882947009319 -1.277882947009319 1.949497406485736
2.747629903653891 -1.281532751982377 -1.281532751982377 1.939744845845108
2.775571084755443 -1.284911105981524 -1.284911105981524 1.929839736887843
2.803660937226243 -1.288014751646482 -1.288014751646482 1.919785956561332
2.831895526347270 -1.290840486426067 -1.290840486426067 1.909587439584593
2.860270860396136 -1.293385163515672 -1.293385163515672 1.899248177680016
2.888782891429780 -1.295645692784060 -1.295645692784060 1.888772218790661
2.917427516081457 -1.297619041689247 -1.297619041689247 1.878163666283272
2.946200576371865 -1.299302236183275 -1.299302236183275 1.867426678137153
2.975097860534254 -1.300692361605644 -1.300692361605644 1.856565466119053
3.004115103853358 -1.301786563565217 -1.301786563565217 1.845584294944236
3.033247989518011 -1.302582048810377 -1.302582048810377 1.834487481423873
3.062492149487241 -1.303076086087230 -1.303076086087230 1.823279393598932
3.091843165369721 -1.303266006985671 -1.303266006985671 1.811964449860740
3.121296569316386 -1.303149206773087 -1.303149206773087 1.800547118058364
3.150847844926038 -1.302723145215521 -1.302723145215521 1.789031914593000
3.180492428163781 -1.301985347386089 -1.301985347386089 1.777423403499545
3.210225708292096 -1.300933404460467 -1.300933404460467 1.765726195515520
3.240043028814378 -1.299564974499251 -1.299564974499251 1.753944947137526
3.269939688430762 -1.297877783217006 -1.297877783217006 1.742084359665431
3.299910942006031 -1.295869624737814 -1.295869624737814 1.730149178234450
3.329952001549440 -1.293538362337151 -1.293538362337151 1.718144190835330
3.360058037206244 -1.290881929169897 -1.290881929169897 1.706074227322813
3.390224178260761 -1.287898328984311 -1.287898328984310 1.693944158412586
3.420445514150732 -1.284585636821799 -1.284585636821799 1.681758894666903
3.450717095492843 -1.280941999702297 -1.280941999702297 1.669523385469080
3.481033935119133 -1.276965637295102 -1.276965637295102 1.657242617987080
3.511391009124138 -1.272654842574984 -1.272654842574984 1.644921616126363
3.541783257922548 -1.268007982463423 -1.268007982463423 1.632565439472241
3.572205587317164 -1.263023498454799 -1.263023498454799 1.620179182221915
3.602652869576933 -1.257699907227382 -1.257699907227382 1.607767972106434
3.633119944524882 -1.252035801238977 -1.252035801238977 1.595336969302773
3.663601620635703 -1.246029849307058 -1.246029849307058 1.582891365336241
3.694092676142771 -1.239680797173243 -1.239680797173243 1.570436381973463
3.724587860154395 -1.232987468051982 -1.232987468051982 1.557977270106125
3.755081893779083 -1.225948763163299 -1.225948763163299 1.545519308625727
3.785569471259540 -1.218563662249446 -1.218563662249446 1.533067803289559
3.816045261115257 -1.210831224075346 -1.210831224075346 1.520628085578129
3.846503907293398 -1.202750586912693 -1.202750586912693 1.508205511544278
3.876940030327773 -1.194320969007556 -1.194320969007556 1.495805460654193
3.907348228505674 -1.185541669031388 -1.185541669031388 1.483433334620579
3.937723079042333 -1.176412066515306 -1.176412066515306 1.471094556228208
3.968059139262753 -1.166931622267509 -1.166931622267509 1.458794568152077
3.998350947790692 -1.157099878773743 -1.157099878773743 1.446538831768426
4.028593025744551 -1.146916460580679 -1.146916460580679 1.434332825958856
4.058779877939926 -1.136381074662103 -1.136381074662103 1.422182045907770
4.088905994098574 -1.125493510767804 -1.125493510767804 1.410092001893410
4.118965850063564 -1.114253641755068 -1.114253641755068 1.398068218072708
4.148953909020343 -1.102661423902672 -1.102661423902672 1.386116231260218
4.178864622723486 -1.090716897207273 -1.090716897207273 1.374241589701363
4.208692432728885 -1.078420185662122 -1.078420185662122 1.362449851840253
4.238431771631099 -1.065771497517983 -1.065771497517982 1.350746585082328
4.268077064305639 -1.052771125526201 -1.052771125526201 1.339137364552077
4.297622729155926 -1.039419447163818 -1.039419447163818 1.327627771846077
4.327063179364669 -1.025716924840659 -1.025716924840659 1.316223393781625
4.356392824149376 -1.011664106088327 -1.011664106088327 1.304929821141205
4.385606070021812 -0.997261623731016 -0.997261623731016 1.293752647413057
4.414697322051062 -0.982510196038092 -0.982510196038092 1.282697467528097
4.443660985129989 -0.967410626858360 -0.967410626858360 1.271769876593458
4.472491465244825 -0.951963805735977 -0.951963805735977 1.260975468622911
4.501183170747609 -0.936170708007937 -0.936170708007937 1.250319835264414
4.529730513631232 -0.920032394883075 -0.920032394883075 1.239808564525082
4.558127910806796 -0.903550013502561 -0.903550013502561 1.229447239493805
4.586369785383084 -0.886724796981809 -0.886724796981809 1.219241437061806
4.614450567947783 -0.869558064433776 -0.869558064433776 1.209196726641397
4.642364697850279 -0.852051220973618 -0.852051220973618 1.199318668883188
4.670106624485719 -0.834205757704654 -0.834205757704654 1.189612814392037
4.697670808580060 -0.816023251685607 -0.816023251685607 1.180084702441984
4.725051723475872 -0.797505365879114 -0.797505365879114 1.170739859690461
4.752243856418597 -0.778653849081461 -0.778653849081462 1.161583798892024
4.779241709843014 -0.759470535833531 -0.759470535833531 1.152622017611896
4.806039802659628 -0.739957346312950 -0.739957346312950 1.143859996939572
4.832632671540711 -0.720116286207423 -0.720116286207423 1.135303200202776
4.859014872205760 -0.699949446569246 -0.699949446569247 1.126957071682017
4.885180980706032 -0.679459003650985 -0.679459003650985 1.118827035326033
4.911125594707964 -0.658647218722330 -0.658647218722331 1.110918493468388
4.936843334775158 -0.637516437868142 -0.637516437868141 1.103236825545484
4.962328845648660 -0.616069091767648 -0.616069091767648 1.095787386816270
4.987576797525298 -0.594307695454870 -0.594307695454870 1.088575507083920
5.012581887333774 -0.572234848060232 -0.572234848060232 1.081606489419733
5.037338840008245 -0.549853232533418 -0.549853232533418 1.074885608889550
5.061842409759144 -0.527165615347460 -0.527165615347460 1.068418111282940
5.086087381340942 -0.504174846184119 -0.504174846184119 1.062209211845431
5.110068571316598 -0.480883857600570 -0.480883857600570 1.056264094014064
5.133780829318425 -0.457295664677417 -0.457295664677417 1.050587908156524
5.157219039305104 -0.433413364648103 -0.433413364648103 1.045185770314135
5.180378120814557 -0.409240136509729 -0.409240136509729 1.040062760948971
5.203253030212449 -0.384779240615349 -0.384779240615349 1.035223923695367
5.225838761936014 -0.360034018247768 -0.360034018247768 1.030674264116090
5.248130349732960 -0.335007891174923 -0.335007891174923 1.026418748463433
5.270122867895166 -0.309704361186883 -0.309704361186883 1.022462302445516
5.291811432486930 -0.284127009614529 -0.284127009614529 1.018809809998040
5.313191202567486 -0.258279496830003 -0.258279496830003 1.015466112061772
5.334257381407521 -0.232165561728957 -0.232165561728957 1.012436005366026
5.355005217699440 -0.205789021194712 -0.205789021194712 1.009724241218395
5.375430006761116 -0.179153769544366 -0.179153769544366 1.007335524301008
5.395527091732845 -0.152263777956967 -0.152263777956967 1.005274511473569
5.415291864767264 -0.125123093883807 -0.125123093883807 1.003545810583437
5.434719768211978 -0.097735840440936 -0.097735840440936 1.002153979283013
5.453806295784593 -0.070106215783986 -0.070106215783986 1.001103523854686
5.472546993739959 -0.042238492465397 -0.042238492465397 1.000398898043608
5.490937462029319 -0.014137016774147 -0.014137016774147 1.000044501898537
5.508973355451124 0.014193791941914 0.014193791941914 1.000044680621021
5.526650384793265 0.042749441971026 0.042749441971026 1.000403723423168
5.543964317966466 0.071525369949653 0.071525369949653 1.001125862394255
5.560910981128579 0.100516941591693 0.100516941591693 1.002215271376432
5.577486259799531 0.129719452434639 0.129719452434639 1.003676064849768
5.593686099966702 0.159128128602567 0.159128128602567 1.005512296826886
5.609506509180435 0.188738127585833 0.188738127585833 1.007727959757440
5.624943557639489 0.218544539037358 0.218544539037358 1.010326983442676
5.639993379266143 0.248542385585356 0.248542385585356 1.013313233960310
5.654652172770746 0.278726623662377 0.278726623662377 1.016690512599996
5.668916202705446 0.309092144350532 0.309092144350532 1.020462554809583
5.682781800506884 0.339633774242756 0.339633774242756 1.024633029152435
5.696245365527576 0.370346276319957 0.370346276319957 1.029205536276031
5.709303366055813 0.401224350843910 0.401224350843910 1.034183607892083
5.721952340323774 0.432262636265752 0.432262636265752 1.039570705768412
5.734188897503664 0.463455710149906 0.463455710149906 1.045370220732809
5.746009718691664 0.494798090113284 0.494798090113284 1.051585471689098
5.757411557879395 0.526284234779612 0.526284234779612 1.058219704645655
5.768391242912763 0.557908544748712 0.557908544748712 1.065276091756576
5.778945676437885 0.589665363580556 0.589665363580556 1.072757730375743
5.789071836833926 0.621548978793947 0.621548978793947 1.080667642123990
5.798766779132608 0.653553622879631 0.653553622879631 1.089008771969597
5.808027635924170 0.685673474327679 0.685673474327679 1.097783987322323
5.816851618249586 0.717902658668934 0.717902658668934 1.106996077141196
5.825236016478812 0.750235249530379 0.750235249530379 1.116647751056258
5.833178201174858 0.782665269704190 0.782665269704190 1.126741638504500
5.840675623943490 0.815186692230328 0.815186692230328 1.137280287880157
5.847725818268336 0.847793441492443 0.847793441492443 1.148266165699600
5.854326400331227 0.880479394326924 0.880479394326924 1.159701655780998
5.860475069817539 0.913238381144868 0.913238381144868 1.171589058438974
5.866169610706373 0.946064187066784 0.946064187066783 1.183930589694429
5.871407892045355 0.978950553069825 0.978950553069825 1.196728380499736
5.876187868709883 1.011891177147336 1.011891177147335 1.209984475979496
5.880507582146628 1.044879715480506 1.044879715480506 1.223700834687039
5.884365161101104 1.077909783621917 1.077909783621917 1.237879327876853
5.887758822329111 1.110974957690775 1.110974957690775 1.252521738793132
5.890686871291924 1.144068775579599 1.144068775579599 1.267629761974609
5.893147702834970 1.177184738172138 1.177184738172138 1.283205002575853
5.895139801849897 1.210316310572324 1.210316310572325 1.299248975705214
5.896661743919831 1.243456923344000 1.243456923344000 1.315763105779569
5.897712195947640 1.276599973761204 1.276599973761204 1.332748725896047
5.898289916767089 1.309738827068794 1.309738827068795 1.350207077220887
5.898393757736661 1.342866817753164 1.342866817753165 1.368139308395602
5.898022663315955 1.375977250822812 1.375977250822812 1.386546474960598
5.897175671624451 1.409063403098531 1.409063403098531 1.405429538796392
5.895851914982524 1.442118524512988 1.442118524512988 1.424789367582606
5.894050620434560 1.475135839419431 1.475135839419431 1.444626734274860
5.891771110253993 1.508108547909285 1.508108547909285 1.464942316599715
5.889012802430181 1.541029827138395 1.541029827138395 1.485736696567815
5.885775211136931 1.573892832661669 1.573892832661669 1.507010360005355
5.882057947182560 1.606690699775852 1.606690699775852 1.528763696104012
5.877860718441387 1.639416544870194 1.639416544870194 1.550996996989475
5.873183330266462 1.672063466784753 1.672063466784752 1.573710457308688
5.868025685883490 1.704624548176068 1.704624548176068 1.596904173835949
5.862387786765764 1.737092856889952 1.737092856889952 1.620578145097965
5.856269732990027 1.769461447341133 1.769461447341134 1.644732271017988
5.849671723573147 1.801723361899499 1.801723361899499 1.669366352579157
5.842594056789466 1.833871632282648 1.833871632282648 1.694480091507128
5.835037130468761 1.865899280954515 1.865899280954515 1.720073089972121
5.827001442274689 1.897799322529789 1.897799322529789 1.746144850310481
5.818487589963616 1.929564765183833 1.929564765183833 1.772694774765842
5.809496271623749 1.961188612067881 1.961188612067881 1.799722165249999
5.800028285894466 1.992663862729183 1.992663862729183 1.827226223123571
5.790084532165772 2.023983514535874 2.023983514535874 1.855206048996552
5.779666010757789 2.055140564106262 2.055140564106262 1.883660642548825
5.768773823080192 2.086128008742256 2.086128008742256 1.912588902370711
5.757409171771532 2.116938847866679 2.116938847866679 1.941989625823658
5.745573360818374 2.147566084464166 2.147566084464166 1.971861508921106
5.733267795654149 2.178002726525364 2.178002726525364 2.002203146229618
5.720493983237718 2.208241788494173 2.208241788494173 2.033013030790336
5.707253532111523 2.238276292717725 2.238276292717725 2.064289554060822
5.693548152439301 2.268099270898816 2.268099270898816 2.096031005877332
5.679379656023316 2.297703765550537 2.297703765550537 2.128235574437606
5.664749956301042 2.327082831452760 2.327082831452760 2.160901346304169
5.649661068321262 2.356229537110256 2.356229537110255 2.194026306428237
5.634115108699531 2.385136966212115 2.385136966212115 2.227608338194258
5.618114295552991 2.413798219092189 2.413798219092189 2.261645223485086
5.601660948414477 2.442206414190280 2.442206414190280 2.296134642767889
5.584757488125905 2.470354689513765 2.470354689513765 2.331074175200750
5.567406436710912 2.498236204099387 2.498236204099387 2.366461298760030
5.549610417226718 2.525844139474910 2.525844139474910 2.402293390388512
5.531372153595218 2.553171701120336 2.553171701120336 2.438567726164303
5.512694470413252 2.580212119928417 2.580212119928418 2.475281481490555
5.493580292742096 2.606958653664160 2.606958653664160 2.512431731306000
5.474032645876122 2.633404588423006 2.633404588423006 2.550015450316264
5.454054655090653 2.659543240087436 2.659543240087437 2.588029513246020
5.433649545369013 2.685367955781687 2.685367955781687 2.626470695111949
5.412820641108779 2.710872115324262 2.710872115324262 2.665335671516472
5.391571365807241 2.736049132677992 2.736049132677992 2.704621018962298
5.369905241726091 2.760892457397317 2.760892457397318 2.744323215187737
5.347825889535373 2.785395576072502 2.785395576072502 2.784438639522744
5.325337027936682 2.809552013770500 2.809552013770500 2.824963573265724
5.302442473265700 2.833355335472167 2.833355335472167 2.865894200080993
5.279146139074040 2.856799147505533 2.856799147505533 2.907226606416942
5.255452035690462 2.879877098974845 2.879877098974844 2.948956781944808
5.231364269761522 2.902582883185068 2.902582883185068 2.991080620018038
5.206887043771658 2.924910239061584 2.924910239061584 3.033593918152190
5.182024655542785 2.946852952564770 2.946852952564770 3.076492378525352
5.156781497713463 2.968404858099177 2.968404858099177 3.119771608498963
5.131162057197667 2.989559839917012 2.989559839917012 3.163427121159046
5.105170914623234 3.010311833515651 3.010311833515651 3.207454335877768
5.078812743750065 3.030654827028858 3.030654827028858 3.251848578895225
5.052092310868130 3.050582862611465 3.050582862611465 3.296605083921449
5.025014474175350 3.070090037817191 3.070090037817190 3.341718992758518
4.997584183135470 3.089170506969322 3.089170506969323 3.387185355942687
4.969806477815939 3.107818482523990 3.107818482523990 3.432999133406507
4.941686488205954 3.126028236425710 3.126028236425711 3.479155195160779
4.913229433514708 3.143794101454962 3.143794101454962 3.525648321996315
4.884440621449932 3.161110472567468 3.161110472567468 3.572473206205379
4.855325447476897 3.177971808224932 3.177971808224932 3.619624452322703
4.825889394057878 3.194372631716930 3.194372631716930 3.667096577886010
4.796138029872260 3.210307532473688 3.210307532473688 3.714884014215916
4.766077009017375 3.225771167369460 3.225771167369460 3.762981107215092
4.735712070190161 3.240758262016227 3.240758262016227 3.811382118186593
4.705049035849797 3.255263612047464 3.255263612047464 3.860081224671245
4.674093811361413 3.269282084391659 3.269282084391659 3.909072521303919
4.642852384120997 3.282808618535347 3.282808618535347 3.958350020688624
4.611330822661632 3.295838227775377 3.295838227775377 4.007907654292275
4.579535275741234 3.308366000460139 3.308366000460139 4.057739273356963
4.547471971411831 3.320387101219469 3.320387101219469 4.107838649830653
4.515147216070652 3.331896772183010 3.331896772183009 4.158199477316122
4.482567393493059 3.342890334186698 3.342890334186697 4.208815372038003
4.449738963847524 3.353363187967183 3.353363187967184 4.259679873827825
4.416668462692821 3.363310815343865 3.363310815343865 4.310786447126818
4.383362499957516 3.372728780388305 3.372728780388305 4.362128482006412
4.349827758901993 3.381612730580777 3.381612730580776 4.413699295206223
4.316070995063146 3.389958397953669 3.389958397953669 4.465492131189360
4.282099035181883 3.397761600221501 3.397761600221501 4.517500163214911
4.247918776113642 3.405018241897310 3.405018241897311 4.569716494427440
4.213537183722102 3.411724315395142 3.411724315395142 4.622134158963268
4.178961291756218 3.417875902118406 3.417875902118405 4.674746123073442
4.144198200710801 3.423469173533860 3.423469173533860 4.727545286263148
4.109255076670840 3.428500392230977 3.428500392230978 4.780524482447396
4.074139150139692 3.432965912966435 3.432965912966436 4.833676481122833
4.038857714851412 3.436862183693527 3.436862183693528 4.886993988555401
4.003418126567345 3.440185746576234 3.440185746576234 4.940469648983758
3.967827801857215 3.442933238987725 3.442933238987725 4.994096045838176
3.932094216864934 3.445101394493080 3.445101394493080 5.047865702974746
3.896224906059281 3.446687043815975 3.446687043815975 5.101771085924689
3.860227460969683 3.447687115789130 3.447687115789130 5.155804603158574
3.824109528907356 3.448098638288292 3.448098638288292 5.209958607365189
3.787878811671932 3.447918739149524 3.447918739149525 5.264225396744900
3.751543064243858 3.447144647069601 3.447144647069601 5.318597216317265
3.715110093462769 3.445773692489274 3.445773692489274 5.373066259242641
3.678587756692058 3.443803308459238 3.443803308459238 5.427624668157640
3.641983960469851 3.441231031488529 3.441231031488528 5.482264536524138
3.605306659146664 3.438054502375211 3.438054502375211 5.536977909991613
3.568563853509916 3.434271467019116 3.434271467019116 5.591756787772649
3.531763589395599 3.429879777216438 3.429879777216438 5.646593124031256
3.494913956287279 3.424877391436004 3.424877391436004 5.701478829283864
3.458023085902712 3.419262375577015 3.419262375577015 5.756405771812720
3.421099150768323 3.413032903708072 3.413032903708072 5.811365779091397
3.384150362781762 3.406187258787305 3.406187258787305 5.866350639222246
3.347184971762807 3.398723833363416 3.398723833363416 5.921352102385489
3.310211263992890 3.390641130257465 3.390641130257465 5.976361882299696
3.273237560743455 3.381937763225210 3.381937763225210 6.031371657693420
3.236272216793429 3.372612457599851 3.372612457599850 6.086373073787733
3.199323618936095 3.362664050914977 3.362664050914977 6.141357743789355
3.162400184475578 3.352091493507593 3.352091493507592 6.196317250394160
3.125510359713229 3.340893849101009 3.340893849101009 6.251243147300799
3.088662618424222 3.329070295367497 3.329070295367497 6.306126960734094
3.051865460324541 3.316620124470504 3.316620124470504 6.360960190978064
3.015127409528732 3.303542743586311 3.303542743586311 6.415734313918162
2.978457012998618 3.289837675404960 3.289837675404960 6.470440782592565
2.941862838983280 3.275504558610322 3.275504558610322 6.525071028752190
2.905353475450621 3.260543148339179 3.260543148339180 6.579616464429140
2.868937528510721 3.244953316619138 3.244953316619138 6.634068483513327
2.832623620831328 3.228735052785292 3.228735052785292 6.688418463337007
2.796420390045759 3.211888463875487 3.211888463875487 6.742657766266868
2.760336487153467 3.194413775004034 3.194413775004034 6.796777741303447
2.724380574913604 3.176311329713807 3.176311329713807 6.850769725687599
2.688561326231857 3.157581590306560 3.157581590306560 6.904625046513636
2.652887422540841 3.138225138151366 3.138225138151366 6.958335022348938
2.617367552174350 3.118242673971070 3.118242673971070 7.011890964859716
2.582010408735787 3.097635018106661 3.097635018106661 7.065284180442571
2.546824689461018 3.076403110759421 3.076403110759422 7.118505971861628
2.511819093576020 3.054548012210825 3.054548012210825 7.171547639890912
2.477002320649566 3.032070903020022 3.032070903020022 7.224400484961657
2.442383068941267 3.008973084198843 3.008973084198843 7.277055808814245
2.407970033745314 2.985255977364279 2.985255977364280 7.329504916154484
2.373771905730168 2.960921124868296 2.960921124868296 7.381739116313922
2.339797369274530 2.935970189904915 2.935970189904914 7.433749724913847
2.306055100799934 2.910404956594555 2.910404956594555 7.485528065532732
2.272553767100217 2.884227330045470 2.884227330045470 7.537065471376738
2.239302023668196 2.857439336392274 2.857439336392274 7.588353286953048
2.206308513019909 2.830043122811505 2.830043122811505 7.639382869745623
2.173581863016660 2.802040957514125 2.802040957514125 7.690145591893160
2.141130685185232 2.773435229714930 2.773435229714930 7.740632841868877
2.108963573036586 2.744228449578856 2.744228449578856 7.790836026161811
2.077089100383319 2.714423248144051 2.714423248144051 7.840746570959368
2.045515819656261 2.684022377221777 2.684022377221777 7.890355923830715
2.014252260220471 2.653028709273034 2.653028709273034 7.939655555410791
1.983306926690979 2.621445237261891 2.621445237261891 7.988636961084573
1.952688297248608 2.589275074485537 2.589275074485537 8.037291662671231
1.922404821956164 2.556521454380979 2.556521454380979 8.085611210107965
1.892464921075319 2.523187730308387 2.523187730308387 8.133587183133097
1.862876983384554 2.489277375311107 2.489277375311107 8.181211192968149
1.833649364498417 2.454793981852283 2.454793981852283 8.228474883998578
1.804790385188452 2.419741261528093 2.419741261528093 8.275369935452831
1.776308329706143 2.384123044757661 2.384123044757661 8.321888063079427
1.748211444108152 2.347943280449558 2.347943280449558 8.368021020821709
1.720507934584186 2.311206035644952 2.311206035644953 8.413760602489964
1.693205965787856 2.273915495137447 2.273915495137447 8.459098643430581
1.666313659170776 2.236075961069548 2.236075961069548 8.504027022191950
1.639839091320310 2.197691852505868 2.197691852505868 8.548537662186705
1.613790292301215 2.158767704983040 2.158767704983040 8.592622533350086
1.588175244001548 2.119308170036369 2.119308170036369 8.636273653794042
1.563001878483153 2.079318014703318 2.079318014703318 8.679483091456730
1.538278076337034 2.038802121003791 2.038802121003791 8.722242965747133
1.514011665043947 1.997765485397305 1.997765485397305 8.764545449184510
1.490210417340543 1.956213218217098 1.956213218217098 8.806382769032203
1.466882049591362 1.914150543081215 1.914150543081215 8.847747208925670
1.444034220167010 1.871582796280613 1.871582796280614 8.888631110494313
1.421674527828847 1.828515426144408 1.828515426144408 8.929026874976765
1.399810510120489 1.784953992382259 1.784953992382259 8.968926964829411
1.378449641766450 1.740904165403996 1.740904165403996 9.008323905327739
1.357599333078261 1.696371725616593 1.696371725616593 9.047210286160217
1.337266928368337 1.651362562698492 1.651362562698493 9.085578763014430
1.317459704371967 1.605882674851463 1.605882674851464 9.123422059155088
1.298184868677699 1.559938168029993 1.559938168029993 9.160732966993642
1.279449558166444 1.513535255148347 1.513535255148347 9.197504349649190
1.261260837459636 1.466680255265420 1.466680255265420 9.233729142500282
1.243625697376729 1.419379592747428 1.419379592747428 9.269400354727480
1.226551053402355 1.371639796408559 1.371639796408559 9.304511070846143
1.210043744163470 1.323467498629755 1.323467498629755 9.339054452229314
1.194110529916768 1.274869434455648 1.274869434455648 9.373023738620308
1.178758091046683 1.225852440669817 1.225852440669817 9.406412249634680
1.163993026574303 1.176423454848523 1.176423454848523 9.439213386251346
1.149821852677471 1.126589514392978 1.126589514392978 9.471420632292469
1.136251001222384 1.076357755540316 1.076357755540316 9.503027555891846
1.123286818307026 1.025735412353441 1.025735412353441 9.534027810951491
1.110935562816672 0.974729815689803 0.974729815689803 9.564415138586133
1.099203404991824 0.923348392149347 0.923348392149348 9.594183368555273
1.088096425008836 0.871598663001712 0.871598663001712 9.623326420682547
1.077620611573533 0.819488243092841 0.819488243092841 9.651838306262139
1.067781860528134 0.767024839731229 0.767024839731229 9.679713129451827
1.058585973471736 0.714216251553871 0.714216251553871 9.706945088652512
1.050038656394684 0.661070367372127 0.661070367372127 9.733528477873852
1.042145518327091 0.607595164997711 0.607595164997711 9.759457688085735
1.034912070001802 0.553798710048892 0.553798710048892 9.784727208555312
1.028343722532082 0.499689154737142 0.499689154737142 9.809331628169323
1.022445786104311 0.445274736634424 0.445274736634424 9.833265636741380
1.017223468685967 0.390563777421258 0.390563777421258 9.856524026304013
1.012681874749162 0.335564681615776 0.335564681615776 9.879101692385106
1.008826004010019 0.280285935284004 0.280285935284004 9.900993635268541
1.005660750184152 0.224736104731469 0.224736104731469 9.922194961238693
1.003190899758527 0.168923835176452 0.168923835176452 9.942700883808607
1.001421130779951 0.112857849404994 0.112857849404994 9.962506724931471
1.000356011660484 0.056546946407901 0.056546946407901 9.981607916195228
1.000000000000000 0.000000000000001 0.000000000000001 10.000000000000000
