1.000000000000000 7.071067811865476
2.000000000000000 3.931621114665217
3.000000000000000 2.739036688292916
4.000000000000000 1.752038309604692
5.000000000000000 1.018304967186176
6.000000000000000 0.567169335765067
7.000000000000000 0.314873196697661
8.000000000000000 0.175763017434447
9.000000000000000 0.098650281562599
10.000000000000000 0.055556102002862
11.000000000000000 0.031355263925777
12.000000000000000 0.017717662016609
13.000000000000000 0.010018973032893
14.000000000000000 0.005667770389003
15.000000000000000 0.003207079747268
16.000000000000000 0.001814959560845
17.000000000000000 0.001027222456798
18.000000000000000 0.000581416419110
19.000000000000000 0.000329101855687
20.000000000000000 0.000186290160831
21.000000000000000 0.000105454712570
22.000000000000000 0.000059697900035
23.000000000000000 0.000033796449117
24.000000000000000 0.000019133945379
25.000000000000000 0.000010833350881
26.000000000000000 0.000006134086243
27.000000000000000 0.000003473526213
28.000000000000000 0.000001967118466
29.000000000000000 0.000001114131093
30.000000000000000 0.000000631096331
31.000000000000000 0.000000357534196
32.000000000000000 0.000000202587465
33.000000000000000 0.000000114813463
34.000000000000000 0.000000065083731
35.000000000000000 0.000000036903522
36.000000000000000 0.000000020931381
37.000000000000000 0.000000011876390
38.000000000000000 0.000000006741440
39.000000000000000 0.000000003828523
40.000000000000000 0.000000002175470
41.000000000000000 0.000000001236960
42.000000000000000 0.000000000703852
43.000000000000000 0.000000000400845
44.000000000000000 0.000000000228505
45.000000000000000 0.000000000130406
46.000000000000000 0.000000000074515
47.000000000000000 0.000000000042639
48.000000000000000 0.000000000024438
49.000000000000000 0.000000000014031
50.000000000000000 0.000000000008072
51.000000000000000 0.000000000004654
52.000000000000000 0.000000000002689
53.000000000000000 0.000000000001558
54.000000000000000 0.000000000000905
